Oscilloscope Summary
====================

Estimated dt [s]: 1.562000000e-10
Estimated fs [Hz]: 6402048655.570

top channel:
  mean_V: 0.3069680399667047
  std_V: 0.010352924045937592
  min_V: 0.2801130622393
  max_V: 0.3366457249504
  peak_to_peak_V: 0.056532662711100024

bot channel:
  mean_V: -0.39247723847257043
  std_V: 0.009911021418666682
  min_V: -0.4369221186498
  max_V: -0.3634296571254
  peak_to_peak_V: 0.07349246152440003
